========== EVALUATION RESULTS ==========
Accuracy        : 0.9053
Precision       : 0.9115
Recall          : 0.9053
F1-Score        : 0.9053
Prediction Time : 519.45 seconds

Classification Report:
              precision    recall  f1-score   support

           0     0.5000    0.6500    0.5652        60
           1     0.8562    0.9097    0.8822       720
           2     0.8784    0.8667    0.8725       750
           3     0.9614    0.7756    0.8585       450
           4     0.9682    0.9227    0.9449       660
           5     0.8326    0.8762    0.8538       630
           6     0.9927    0.9067    0.9477       150
           7     0.9599    0.9578    0.9588       450
           8     0.8554    0.9467    0.8987       450
           9     0.9477    0.9812    0.9642       480
          10     0.9865    0.9939    0.9902       660
          11     0.9587    0.9405    0.9495       420
          12     1.0000    0.9333    0.9655       690
          13     0.9676    0.9944    0.9808       720
          14     1.0000    1.0000    1.0000       270
          15     1.0000    0.9810    0.9904       210
          16     0.9932    0.9667    0.9797       150
          17     1.0000    0.9528    0.9758       360
          18     0.9886    0.8923    0.9380       390
          19     0.5714    0.3333    0.4211        60
          20     0.5899    0.9111    0.7162        90
          21     0.9718    0.7667    0.8571        90
          22     1.0000    0.8083    0.8940       120
          23     0.8304    0.9467    0.8847       150
          24     0.9277    0.8556    0.8902        90
          25     0.8825    0.9542    0.9169       480
          26     0.8571    0.9667    0.9086       180
          27     0.7692    1.0000    0.8696        60
          28     0.8516    0.8800    0.8656       150
          29     0.9265    0.7000    0.7975        90
          30     0.8983    0.7067    0.7910       150
          31     0.9373    0.9963    0.9659       270
          32     0.9677    1.0000    0.9836        60
          33     0.9773    0.6143    0.7544       210
          34     0.6257    0.9750    0.7622       120
          35     0.9611    0.9513    0.9562       390
          36     0.5490    0.4667    0.5045       120
          37     0.3051    0.3000    0.3025        60
          38     0.8936    0.9246    0.9088       690
          39     0.4587    0.5556    0.5025        90
          40     0.9032    0.9333    0.9180        90
          41     0.6506    0.9000    0.7552        60
          42     0.8171    0.7444    0.7791        90

    accuracy                         0.9053     12630
   macro avg     0.8551    0.8521    0.8470     12630
weighted avg     0.9115    0.9053    0.9053     12630
